Process Data
Environmental barriers...
[ (250, 350), (250, 400), (-150, 400), (-200, 400), (-450, 50), (-300, -350), (100, -450), (450, -100), (350, 300), (-50, 450), (-400, 150), (-50, -50), (-100, -50), (0, -100), (100, -50), (50, -50), (100, 0), (50, 0), (0, 100), (-50, 50), (-100, 0), (-50, 0), (0, -50), (0, 50), (50, -100), (500, -50), (350, 400), (-150, 500), (-500, 150), (-550, 150), (50, 50), (-550, -250), (-50, -600), (450, -400), (100, -100), (150, 0), (0, 150), (-100, 100), (-150, 0), (-50, -100), (700, 0), (350, 550), (-300, 600), (-250, 600), (-650, 50), (-400, -500), (200, -600), (150, -600), (600, -150), (450, 400), (-100, 600), (-100, 650), (-550, 250), (-600, 250), (-500, -350), (0, -600), (500, -300), (550, 250), (500, 250), (50, 550), (-450, 350), (-100, 50), (50, 100), (-50, 100), (0, -150), (100, 50), (-50, -850), (850, -650), (650, -500), (800, 250), (650, 200), (150, 600), (150, 550), (-250, 300), (-200, 250), (-300, -50), (-100, -300), (200, -250), (350, 0), (150, 300), (-150, 300), (-350, 0), (-200, -250), (100, -300), (350, -50), (250, 250), (250, 200), (-50, 350), (-300, 100), (-350, 100), (-300, -200), (0, -350), (300, -150), (300, 150), (850, 400), (50, 700), (50, 650), (-500, 400), (-650, -200), (0, 0), (-200, -950), (650, -700), (250, 650), (-400, 550), (-700, 0), (-350, -600), (300, -600), (300, -650), (700, -50), (450, 550), (-200, 700), (-700, 150), (400, 250), (0, -400), (0, -450), (100, 450), (-550, -100), (300, 500), (-350, -450), (200, -550), (800, -150), (550, 550), (-150, 800), (-750, 300), (-800, 300), (-650, -500), (-700, -500), (50, -850), (50, -1250), (1100, -600), (650, 350), (50, 750), (-600, 450), (-700, -250), (-150, -700), (500, -500), (700, 150), (700, 100), (400, 550), (-200, 650), (-650, 150), (-500, -450), (100, -650), (650, -200), (550, 400), (0, 650), (0, 700), (-600, 300), (-600, -300), (-50, -650), (550, -400), (600, 200), (100, 650), (150, 650), (-450, 450), (-650, -100), (-200, -600), (-100, -350), (200, -300), (150, -250), (100, -150), (200, 0), (100, 150), (50, 150), (-100, 150), (-50, 150), (-200, 0), (-100, -150) ]
Starting Position: (-100, 50)
Goal Position:     (400, -200)
Path to solution...
[ (-150, 50), (-200, 50), (-250, 50), (-250, 0), (-250, -50), (-250, -100), (-250, -150), (-250, -200), (-200, -200), (-150, -200), (-100, -200), (-50, -200), (0, -200), (50, -200), (100, -200), (150, -200), (200, -200), (250, -200), (300, -200), (350, -200), (400, -200) ]


Process Data
Environmental barriers...
[ (-200, 0), (-100, 150), (50, 150), (100, 150), (200, 0), (100, -150), (-50, -150), (-50, -200), (-100, 100), (-150, 150), (0, 150), (0, 200), (150, 50), (200, 50), (150, -100), (0, -200), (-150, -100), (-150, -50), (-200, -100), (-300, 150), (-350, 150), (0, 650), (550, 400), (650, -200), (600, -200), (100, -650), (-500, -450), (-450, -450), (-650, 150), (-200, 650), (400, 550), (700, -50), (650, -50), (300, -600), (-300, -600), (-700, 0), (-400, 550), (250, 650), (650, 100), (700, 100), (500, -500), (-150, -700), (-650, -200), (-550, 400), (50, 700), (600, 300), (650, 300), (600, -350), (0, -700), (-600, -400), (-700, 250), (-150, 700), (500, 500), (550, 500), (700, -150), (750, -150), (250, -700), (450, -1250), (400, -1200), (-750, -1000), (-850, 50), (-400, 750), (-350, 750), (400, 700), (800, 0), (450, -650), (-300, -750), (-800, -150), (-400, 400), (100, 550), (100, 600), (550, 150), (0, 0), (400, -300), (-50, -600), (0, 550), (50, -450), (-600, -550), (-150, 400), (200, -450), (-250, -400), (250, 700), (750, 100), (-550, 450), (-800, -550), (-900, 350), (-850, 350), (-100, 650), (500, 450), (450, 450), (650, -150), (-200, -250), (-300, 0), (-350, 0), (-150, 300), (150, 300), (350, 0), (200, -250), (-100, -300), (-350, -50), (-200, 250), (50, 300), (50, 350), (300, 100), (250, -200), (0, -350), (0, -300), (-300, -150), (-250, 150), (0, 350), (450, 300), (500, 300), (600, -250), (700, -300), (100, -800), (150, -850), (-800, -700), (-1000, 250), (-200, 600), (-150, 600), (-150, 550), (250, 300), (200, 250), (150, -300), (-150, -300), (-150, 250), (-200, 300), (100, 300), (-50, 0), (50, 0), (0, -50), (0, 50), (50, -50), (50, 50), (100, 0), (0, -100), (-50, -50), (-100, 0), (50, 100) ]
Starting Position: (-100, 50)
Goal Position:     (400, -200)
Path to solution...
[ (-50, 50), (-50, 100), (-50, 150), (-50, 200), (-50, 250), (0, 250), (50, 250), (50, 200), (100, 200), (150, 200), (150, 150), (150, 100), (200, 100), (250, 100), (250, 50), (250, 0), (250, -50), (250, -100), (250, -150), (300, -150), (300, -200), (350, -200), (400, -200) ]


Process Data
Environmental barriers...
[ (50, 100), (-50, 150), (-150, 0), (-100, -100), (0, -150), (150, -50), (150, 0), (100, 100), (0, 150), (-100, 50), (-100, 0), (-50, 0), (-50, -50), (0, -50), (0, -100), (50, -50), (50, 0), (100, 0), (0, 100), (-50, 50), (0, 50), (0, 0), (0, -600), (500, -300), (500, 250), (50, 550), (-450, 350), (-400, 350), (-550, -150), (-500, -150), (-100, -550), (-100, -500), (-50, -350), (200, -250), (300, 50), (350, 50), (100, 300), (-150, 250), (-200, 250), (-350, 0), (-150, -300), (-200, -300), (150, -350), (150, -300), (350, 0), (200, 250), (-100, 350), (-300, 50), (-250, -200), (50, -350), (300, -100), (250, 200), (0, 350), (-350, 200), (-500, 300), (-550, -250), (-600, -300), (-50, -850), (650, -550), (800, 250), (750, 250), (150, 600), (100, 550), (-400, 400), (-300, -50), (-100, -300), (150, -250), (150, 300), (150, 250), (-150, 300), (-200, -250), (100, -300), (100, -350), (350, -50), (300, -50), (250, 250), (-50, 350), (-350, 100), (-300, 100), (-300, -200), (0, -350), (300, -150), (300, 150), (850, 400), (50, 650), (-500, 400), (-650, -200), (-900, -300), (-200, -950), (250, 650), (-400, 550), (-700, 0), (-350, -600), (300, -650), (700, -50), (450, 550), (-200, 700), (-700, 150), (-750, 150), (400, 250), (-400, -200), (100, 450), (-500, -100), (-150, -450), (-200, -500), (300, -400), (600, 0), (300, 550), (-250, 500), (-350, -450), (200, -550), (800, -150), (600, 550), (-150, 800), (-750, 300), (-800, 300), (-700, -500), (50, -900), (50, -1250), (1100, -600), (1150, -650), (650, -350), (650, 350), (50, 750), (-600, 450), (-700, -250), (-150, -700), (500, -500), (700, 150), (-400, 600), (300, -600), (400, 550), (-200, 650), (-650, 150), (-500, -450), (100, -650), (650, -250), (650, -200), (550, 400), (0, 700), (0, 650), (-600, 300), (-50, -650), (-50, -700), (550, -400), (650, 200), (150, 650), (-450, 450), (-500, 500), (-650, -100), (-200, -650), (-200, -600), (200, -300), (150, -200), (200, 0), (100, 150), (50, 150), (-100, 150), (-200, 0), (-100, -150) ]
Starting Position: (-100, 50)
Goal Position:     (400, -200)
Path to solution...
[ (-100, 100), (-150, 100), (-150, 150), (-150, 200), (-100, 200), (-50, 200), (0, 200), (50, 200), (100, 200), (150, 200), (150, 150), (150, 100), (150, 50), (200, 50), (250, 50), (250, 0), (250, -50), (250, -100), (250, -150), (250, -200), (300, -200), (350, -200), (400, -200) ]


Process Data
Environmental barriers...
[ (300, 600), (250, 100), (350, 100), (300, 100), (250, 200), (450, 550), (450, 600), (450, 1200), (250, 700), (750, 150), (700, 150), (50, 700), (600, 300), (650, 300), (500, 500), (400, 700), (100, 550), (100, 600), (550, 200), (700, 100), (500, 450), (200, 350), (200, 300), (50, 300), (50, 350), (400, 250), (200, 250), (150, 350), (100, 300), (350, 50), (100, 50), (50, 50), (50, 100), (650, 200), (550, 50), (50, 500), (450, 200), (100, 100) ]
Starting Position: (0, 0)
Goal Position:     (200, 150)
Path to solution...
[ (0, 50), (0, 100), (0, 150), (50, 150), (100, 150), (150, 150), (200, 150) ]


Process Data
Environmental barriers...
[ (250, 400), (250, 350), (350, 300), (300, 50), (350, 50), (100, 300), (200, 250), (250, 200), (450, 150), (100, 450), (100, 400), (150, 300), (250, 250), (600, 300), (50, 650), (700, 100), (250, 650), (450, 550), (400, 250), (300, 550), (300, 500), (600, 550), (550, 550), (1100, 600), (1150, 600), (50, 750), (700, 150), (250, 700), (400, 550), (100, 150), (200, 150), (650, 200), (150, 650), (100, 650), (50, 150), (50, 100) ]
Starting Position: (0, 0)
Goal Position:     (350, 400)
Path to solution...
[ (0, 50), (50, 50), (100, 50), (100, 100), (150, 100), (200, 100), (250, 100), (250, 150), (300, 150), (300, 200), (300, 250), (300, 300), (300, 350), (300, 400), (350, 400) ]